image: occupancy.pgm
resolution: 0.00999999978
origin: [-0.200000003, -0.200000003, 0]
occupied_thresh: 0.9
free_thresh: 0.1
negate: 0